Temperature (K),Pressure (bar),Density (kg/m3)
273.000,0.000,0.000
273.000,0.500,2.902
273.000,1.000,5.824
273.000,1.500,8.765
273.000,2.000,11.728
273.000,2.500,14.711
273.000,3.000,17.716
273.000,3.500,20.743
273.000,4.000,23.792
273.000,4.500,26.863
273.000,5.000,29.957
273.000,5.500,33.075
273.000,6.000,36.218
273.000,6.500,39.384
273.000,7.000,42.576
273.000,7.500,45.794
273.000,8.000,49.037
273.000,8.500,52.308
273.000,9.000,55.605
273.000,9.500,58.931
273.000,10.000,62.285
273.000,10.500,65.669
273.000,11.000,69.082
273.000,11.500,72.527
273.000,12.000,76.002
273.000,12.500,79.510
273.000,13.000,83.051
273.000,13.500,86.626
273.000,14.000,90.236
273.000,14.500,93.881
273.000,15.000,97.563
273.000,15.500,101.280
273.000,16.000,105.040
273.000,16.500,108.840
273.000,17.000,112.680
273.000,17.500,116.560
273.000,18.000,120.480
273.000,18.500,124.450
273.000,19.000,128.470
273.000,19.500,132.530
273.000,20.000,136.640
273.000,20.500,140.800
273.000,21.000,145.010
273.000,21.500,149.280
273.000,22.000,153.600
273.000,22.500,157.990
273.000,23.000,162.430
273.000,23.500,166.930
273.000,24.000,171.500
273.000,24.500,176.130
273.000,25.000,180.840
273.000,25.500,185.610
273.000,26.000,190.470
273.000,26.500,195.400
273.000,27.000,200.410
273.000,27.500,205.510
273.000,28.000,210.700
273.000,28.500,215.980
273.000,29.000,221.360
273.000,29.500,226.850
273.000,30.000,232.440
274.000,0.000,0.000
274.000,0.500,2.891
274.000,1.000,5.802
274.000,1.500,8.733
274.000,2.000,11.683
274.000,2.500,14.655
274.000,3.000,17.648
274.000,3.500,20.662
274.000,4.000,23.697
274.000,4.500,26.755
274.000,5.000,29.836
274.000,5.500,32.940
274.000,6.000,36.068
274.000,6.500,39.220
274.000,7.000,42.396
274.000,7.500,45.598
274.000,8.000,48.825
274.000,8.500,52.079
274.000,9.000,55.359
274.000,9.500,58.667
274.000,10.000,62.003
274.000,10.500,65.368
274.000,11.000,68.762
274.000,11.500,72.186
274.000,12.000,75.641
274.000,12.500,79.127
274.000,13.000,82.646
274.000,13.500,86.198
274.000,14.000,89.784
274.000,14.500,93.405
274.000,15.000,97.061
274.000,15.500,100.750
274.000,16.000,104.480
274.000,16.500,108.250
274.000,17.000,112.060
274.000,17.500,115.910
274.000,18.000,119.810
274.000,18.500,123.740
274.000,19.000,127.720
274.000,19.500,131.750
274.000,20.000,135.820
274.000,20.500,139.950
274.000,21.000,144.120
274.000,21.500,148.350
274.000,22.000,152.630
274.000,22.500,156.960
274.000,23.000,161.350
274.000,23.500,165.810
274.000,24.000,170.320
274.000,24.500,174.900
274.000,25.000,179.550
274.000,25.500,184.270
274.000,26.000,189.060
274.000,26.500,193.920
274.000,27.000,198.860
274.000,27.500,203.890
274.000,28.000,209.000
274.000,28.500,214.200
274.000,29.000,219.490
274.000,29.500,224.880
274.000,30.000,230.380
275.000,0.000,0.000
275.000,0.500,2.881
275.000,1.000,5.780
275.000,1.500,8.700
275.000,2.000,11.639
275.000,2.500,14.599
275.000,3.000,17.579
275.000,3.500,20.581
275.000,4.000,23.604
275.000,4.500,26.649
275.000,5.000,29.716
275.000,5.500,32.806
275.000,6.000,35.920
275.000,6.500,39.057
275.000,7.000,42.218
275.000,7.500,45.404
275.000,8.000,48.616
275.000,8.500,51.853
275.000,9.000,55.116
275.000,9.500,58.406
275.000,10.000,61.724
275.000,10.500,65.070
275.000,11.000,68.445
275.000,11.500,71.849
275.000,12.000,75.284
275.000,12.500,78.749
275.000,13.000,82.246
275.000,13.500,85.775
275.000,14.000,89.338
275.000,14.500,92.934
275.000,15.000,96.566
275.000,15.500,100.230
275.000,16.000,103.940
275.000,16.500,107.680
275.000,17.000,111.460
275.000,17.500,115.280
275.000,18.000,119.140
275.000,18.500,123.050
275.000,19.000,126.990
275.000,19.500,130.980
275.000,20.000,135.020
275.000,20.500,139.110
275.000,21.000,143.240
275.000,21.500,147.430
275.000,22.000,151.660
275.000,22.500,155.960
275.000,23.000,160.300
275.000,23.500,164.710
275.000,24.000,169.170
275.000,24.500,173.700
275.000,25.000,178.290
275.000,25.500,182.950
275.000,26.000,187.680
275.000,26.500,192.480
275.000,27.000,197.350
275.000,27.500,202.310
275.000,28.000,207.340
275.000,28.500,212.470
275.000,29.000,217.680
275.000,29.500,222.980
275.000,30.000,228.380
276.000,0.000,0.000
276.000,0.500,2.870
276.000,1.000,5.759
276.000,1.500,8.667
276.000,2.000,11.595
276.000,2.500,14.543
276.000,3.000,17.512
276.000,3.500,20.501
276.000,4.000,23.511
276.000,4.500,26.543
276.000,5.000,29.597
276.000,5.500,32.674
276.000,6.000,35.773
276.000,6.500,38.895
276.000,7.000,42.042
276.000,7.500,45.212
276.000,8.000,48.408
276.000,8.500,51.629
276.000,9.000,54.875
276.000,9.500,58.148
276.000,10.000,61.448
276.000,10.500,64.776
276.000,11.000,68.132
276.000,11.500,71.516
276.000,12.000,74.931
276.000,12.500,78.375
276.000,13.000,81.851
276.000,13.500,85.358
276.000,14.000,88.897
276.000,14.500,92.470
276.000,15.000,96.077
276.000,15.500,99.719
276.000,16.000,103.400
276.000,16.500,107.110
276.000,17.000,110.860
276.000,17.500,114.650
276.000,18.000,118.490
276.000,18.500,122.360
276.000,19.000,126.270
276.000,19.500,130.230
276.000,20.000,134.230
276.000,20.500,138.280
276.000,21.000,142.380
276.000,21.500,146.520
276.000,22.000,150.720
276.000,22.500,154.970
276.000,23.000,159.270
276.000,23.500,163.630
276.000,24.000,168.050
276.000,24.500,172.520
276.000,25.000,177.060
276.000,25.500,181.660
276.000,26.000,186.330
276.000,26.500,191.070
276.000,27.000,195.880
276.000,27.500,200.770
276.000,28.000,205.730
276.000,28.500,210.780
276.000,29.000,215.910
276.000,29.500,221.130
276.000,30.000,226.440
277.000,0.000,0.000
277.000,0.500,2.860
277.000,1.000,5.738
277.000,1.500,8.635
277.000,2.000,11.552
277.000,2.500,14.488
277.000,3.000,17.445
277.000,3.500,20.422
277.000,4.000,23.420
277.000,4.500,26.439
277.000,5.000,29.479
277.000,5.500,32.542
277.000,6.000,35.627
277.000,6.500,38.736
277.000,7.000,41.867
277.000,7.500,45.022
277.000,8.000,48.202
277.000,8.500,51.407
277.000,9.000,54.637
277.000,9.500,57.893
277.000,10.000,61.175
277.000,10.500,64.485
277.000,11.000,67.822
277.000,11.500,71.187
277.000,12.000,74.582
277.000,12.500,78.006
277.000,13.000,81.460
277.000,13.500,84.945
277.000,14.000,88.462
277.000,14.500,92.011
277.000,15.000,95.594
277.000,15.500,99.211
277.000,16.000,102.860
277.000,16.500,106.550
277.000,17.000,110.280
277.000,17.500,114.040
277.000,18.000,117.840
277.000,18.500,121.680
277.000,19.000,125.560
277.000,19.500,129.490
277.000,20.000,133.460
277.000,20.500,137.470
277.000,21.000,141.530
277.000,21.500,145.640
277.000,22.000,149.790
277.000,22.500,154.000
277.000,23.000,158.260
277.000,23.500,162.570
277.000,24.000,166.940
277.000,24.500,171.370
277.000,25.000,175.860
277.000,25.500,180.400
277.000,26.000,185.020
277.000,26.500,189.700
277.000,27.000,194.440
277.000,27.500,199.260
277.000,28.000,204.160
277.000,28.500,209.130
277.000,29.000,214.190
277.000,29.500,219.330
277.000,30.000,224.560
278.000,0.000,0.000
278.000,0.500,2.849
278.000,1.000,5.717
278.000,1.500,8.603
278.000,2.000,11.509
278.000,2.500,14.434
278.000,3.000,17.378
278.000,3.500,20.343
278.000,4.000,23.329
278.000,4.500,26.335
278.000,5.000,29.362
278.000,5.500,32.412
278.000,6.000,35.483
278.000,6.500,38.577
278.000,7.000,41.694
278.000,7.500,44.834
278.000,8.000,47.999
278.000,8.500,51.187
278.000,9.000,54.401
278.000,9.500,57.640
278.000,10.000,60.905
278.000,10.500,64.197
278.000,11.000,67.515
278.000,11.500,70.862
278.000,12.000,74.236
278.000,12.500,77.640
278.000,13.000,81.074
278.000,13.500,84.537
278.000,14.000,88.032
278.000,14.500,91.559
278.000,15.000,95.118
278.000,15.500,98.710
278.000,16.000,102.340
278.000,16.500,106.000
278.000,17.000,109.700
278.000,17.500,113.430
278.000,18.000,117.200
278.000,18.500,121.020
278.000,19.000,124.870
278.000,19.500,128.760
278.000,20.000,132.700
278.000,20.500,136.670
278.000,21.000,140.700
278.000,21.500,144.770
278.000,22.000,148.880
278.000,22.500,153.050
278.000,23.000,157.270
278.000,23.500,161.540
278.000,24.000,165.860
278.000,24.500,170.240
278.000,25.000,174.670
278.000,25.500,179.170
278.000,26.000,183.730
278.000,26.500,188.350
278.000,27.000,193.040
278.000,27.500,197.800
278.000,28.000,202.630
278.000,28.500,207.530
278.000,29.000,212.510
278.000,29.500,217.570
278.000,30.000,222.720
279.000,0.000,0.000
279.000,0.500,2.839
279.000,1.000,5.696
279.000,1.500,8.572
279.000,2.000,11.466
279.000,2.500,14.379
279.000,3.000,17.312
279.000,3.500,20.265
279.000,4.000,23.238
279.000,4.500,26.232
279.000,5.000,29.247
279.000,5.500,32.282
279.000,6.000,35.340
279.000,6.500,38.420
279.000,7.000,41.522
279.000,7.500,44.648
279.000,8.000,47.797
279.000,8.500,50.970
279.000,9.000,54.167
279.000,9.500,57.390
279.000,10.000,60.638
279.000,10.500,63.911
279.000,11.000,67.212
279.000,11.500,70.540
279.000,12.000,73.895
279.000,12.500,77.279
279.000,13.000,80.692
279.000,13.500,84.134
279.000,14.000,87.607
279.000,14.500,91.111
279.000,15.000,94.647
279.000,15.500,98.216
279.000,16.000,101.820
279.000,16.500,105.450
279.000,17.000,109.130
279.000,17.500,112.830
279.000,18.000,116.580
279.000,18.500,120.360
279.000,19.000,124.180
279.000,19.500,128.040
279.000,20.000,131.940
279.000,20.500,135.890
279.000,21.000,139.880
279.000,21.500,143.910
279.000,22.000,147.990
279.000,22.500,152.120
279.000,23.000,156.290
279.000,23.500,160.520
279.000,24.000,164.800
279.000,24.500,169.130
279.000,25.000,173.520
279.000,25.500,177.960
279.000,26.000,182.470
279.000,26.500,187.030
279.000,27.000,191.660
279.000,27.500,196.360
279.000,28.000,201.130
279.000,28.500,205.970
279.000,29.000,210.880
279.000,29.500,215.870
279.000,30.000,220.940
280.000,0.000,0.000
280.000,0.500,2.829
280.000,1.000,5.675
280.000,1.500,8.540
280.000,2.000,11.423
280.000,2.500,14.326
280.000,3.000,17.247
280.000,3.500,20.188
280.000,4.000,23.149
280.000,4.500,26.130
280.000,5.000,29.132
280.000,5.500,32.154
280.000,6.000,35.198
280.000,6.500,38.264
280.000,7.000,41.352
280.000,7.500,44.463
280.000,8.000,47.597
280.000,8.500,50.754
280.000,9.000,53.936
280.000,9.500,57.142
280.000,10.000,60.373
280.000,10.500,63.629
280.000,11.000,66.912
280.000,11.500,70.221
280.000,12.000,73.558
280.000,12.500,76.922
280.000,13.000,80.315
280.000,13.500,83.736
280.000,14.000,87.188
280.000,14.500,90.670
280.000,15.000,94.183
280.000,15.500,97.728
280.000,16.000,101.310
280.000,16.500,104.920
280.000,17.000,108.560
280.000,17.500,112.240
280.000,18.000,115.960
280.000,18.500,119.710
280.000,19.000,123.500
280.000,19.500,127.330
280.000,20.000,131.200
280.000,20.500,135.120
280.000,21.000,139.070
280.000,21.500,143.070
280.000,22.000,147.110
280.000,22.500,151.200
280.000,23.000,155.330
280.000,23.500,159.520
280.000,24.000,163.750
280.000,24.500,168.040
280.000,25.000,172.380
280.000,25.500,176.780
280.000,26.000,181.230
280.000,26.500,185.740
280.000,27.000,190.320
280.000,27.500,194.960
280.000,28.000,199.660
280.000,28.500,204.440
280.000,29.000,209.280
280.000,29.500,214.200
280.000,30.000,219.200
281.000,0.000,0.000
281.000,0.500,2.818
281.000,1.000,5.655
281.000,1.500,8.509
281.000,2.000,11.381
281.000,2.500,14.272
281.000,3.000,17.182
281.000,3.500,20.111
281.000,4.000,23.060
281.000,4.500,26.029
281.000,5.000,29.018
281.000,5.500,32.027
281.000,6.000,35.058
281.000,6.500,38.110
281.000,7.000,41.184
281.000,7.500,44.280
281.000,8.000,47.399
281.000,8.500,50.541
281.000,9.000,53.707
281.000,9.500,56.897
281.000,10.000,60.111
281.000,10.500,63.350
281.000,11.000,66.615
281.000,11.500,69.906
281.000,12.000,73.224
281.000,12.500,76.569
281.000,13.000,79.942
281.000,13.500,83.343
281.000,14.000,86.773
281.000,14.500,90.233
281.000,15.000,93.724
281.000,15.500,97.246
281.000,16.000,100.800
281.000,16.500,104.390
281.000,17.000,108.010
281.000,17.500,111.660
281.000,18.000,115.350
281.000,18.500,119.070
281.000,19.000,122.840
281.000,19.500,126.640
281.000,20.000,130.480
281.000,20.500,134.350
281.000,21.000,138.270
281.000,21.500,142.240
281.000,22.000,146.240
281.000,22.500,150.290
281.000,23.000,154.390
281.000,23.500,158.540
281.000,24.000,162.730
281.000,24.500,166.970
281.000,25.000,171.270
281.000,25.500,175.620
281.000,26.000,180.020
281.000,26.500,184.480
281.000,27.000,189.000
281.000,27.500,193.590
281.000,28.000,198.230
281.000,28.500,202.940
281.000,29.000,207.730
281.000,29.500,212.580
281.000,30.000,217.500
282.000,0.000,0.000
282.000,0.500,2.808
282.000,1.000,5.634
282.000,1.500,8.478
282.000,2.000,11.339
282.000,2.500,14.219
282.000,3.000,17.118
282.000,3.500,20.035
282.000,4.000,22.972
282.000,4.500,25.928
282.000,5.000,28.905
282.000,5.500,31.901
282.000,6.000,34.919
282.000,6.500,37.957
282.000,7.000,41.017
282.000,7.500,44.099
282.000,8.000,47.203
282.000,8.500,50.330
282.000,9.000,53.480
282.000,9.500,56.654
282.000,10.000,59.851
282.000,10.500,63.074
282.000,11.000,66.321
282.000,11.500,69.594
282.000,12.000,72.894
282.000,12.500,76.219
282.000,13.000,79.573
282.000,13.500,82.954
282.000,14.000,86.363
282.000,14.500,89.802
282.000,15.000,93.271
282.000,15.500,96.770
282.000,16.000,100.300
282.000,16.500,103.860
282.000,17.000,107.460
282.000,17.500,111.080
282.000,18.000,114.750
282.000,18.500,118.440
282.000,19.000,122.180
282.000,19.500,125.950
282.000,20.000,129.760
282.000,20.500,133.610
282.000,21.000,137.490
282.000,21.500,141.420
282.000,22.000,145.390
282.000,22.500,149.410
282.000,23.000,153.470
282.000,23.500,157.570
282.000,24.000,161.720
282.000,24.500,165.920
282.000,25.000,170.170
282.000,25.500,174.480
282.000,26.000,178.830
282.000,26.500,183.250
282.000,27.000,187.720
282.000,27.500,192.240
282.000,28.000,196.830
282.000,28.500,201.490
282.000,29.000,206.200
282.000,29.500,210.990
282.000,30.000,215.850
283.000,0.000,0.000
283.000,0.500,2.798
283.000,1.000,5.614
283.000,1.500,8.447
283.000,2.000,11.298
283.000,2.500,14.167
283.000,3.000,17.054
283.000,3.500,19.960
283.000,4.000,22.885
283.000,4.500,25.829
283.000,5.000,28.793
283.000,5.500,31.776
283.000,6.000,34.781
283.000,6.500,37.806
283.000,7.000,40.852
283.000,7.500,43.919
283.000,8.000,47.009
283.000,8.500,50.121
283.000,9.000,53.255
283.000,9.500,56.413
283.000,10.000,59.595
283.000,10.500,62.800
283.000,11.000,66.030
283.000,11.500,69.286
283.000,12.000,72.567
283.000,12.500,75.874
283.000,13.000,79.208
283.000,13.500,82.569
283.000,14.000,85.958
283.000,14.500,89.376
283.000,15.000,92.823
283.000,15.500,96.299
283.000,16.000,99.806
283.000,16.500,103.340
283.000,17.000,106.910
283.000,17.500,110.520
283.000,18.000,114.150
283.000,18.500,117.820
283.000,19.000,121.530
283.000,19.500,125.270
283.000,20.000,129.050
283.000,20.500,132.870
283.000,21.000,136.720
283.000,21.500,140.620
283.000,22.000,144.550
283.000,22.500,148.530
283.000,23.000,152.560
283.000,23.500,156.620
283.000,24.000,160.730
283.000,24.500,164.890
283.000,25.000,169.100
283.000,25.500,173.360
283.000,26.000,177.670
283.000,26.500,182.040
283.000,27.000,186.450
283.000,27.500,190.930
283.000,28.000,195.460
283.000,28.500,200.060
283.000,29.000,204.720
283.000,29.500,209.440
283.000,30.000,214.230
284.000,0.000,0.000
284.000,0.500,2.788
284.000,1.000,5.594
284.000,1.500,8.416
284.000,2.000,11.257
284.000,2.500,14.115
284.000,3.000,16.990
284.000,3.500,19.885
284.000,4.000,22.798
284.000,4.500,25.730
284.000,5.000,28.681
284.000,5.500,31.653
284.000,6.000,34.644
284.000,6.500,37.655
284.000,7.000,40.688
284.000,7.500,43.741
284.000,8.000,46.816
284.000,8.500,49.913
284.000,9.000,53.033
284.000,9.500,56.175
284.000,10.000,59.340
284.000,10.500,62.529
284.000,11.000,65.743
284.000,11.500,68.981
284.000,12.000,72.244
284.000,12.500,75.532
284.000,13.000,78.847
284.000,13.500,82.189
284.000,14.000,85.558
284.000,14.500,88.955
284.000,15.000,92.380
284.000,15.500,95.835
284.000,16.000,99.319
284.000,16.500,102.830
284.000,17.000,106.380
284.000,17.500,109.960
284.000,18.000,113.570
284.000,18.500,117.210
284.000,19.000,120.890
284.000,19.500,124.600
284.000,20.000,128.350
284.000,20.500,132.140
284.000,21.000,135.960
284.000,21.500,139.830
284.000,22.000,143.730
284.000,22.500,147.670
284.000,23.000,151.660
284.000,23.500,155.690
284.000,24.000,159.760
284.000,24.500,163.880
284.000,25.000,168.050
284.000,25.500,172.270
284.000,26.000,176.530
284.000,26.500,180.850
284.000,27.000,185.220
284.000,27.500,189.640
284.000,28.000,194.120
284.000,28.500,198.660
284.000,29.000,203.260
284.000,29.500,207.930
284.000,30.000,212.660
285.000,0.000,0.000
285.000,0.500,2.779
285.000,1.000,5.574
285.000,1.500,8.386
285.000,2.000,11.216
285.000,2.500,14.063
285.000,3.000,16.928
285.000,3.500,19.811
285.000,4.000,22.712
285.000,4.500,25.632
285.000,5.000,28.571
285.000,5.500,31.530
285.000,6.000,34.508
285.000,6.500,37.506
285.000,7.000,40.525
285.000,7.500,43.565
285.000,8.000,46.626
285.000,8.500,49.708
285.000,9.000,52.812
285.000,9.500,55.939
285.000,10.000,59.089
285.000,10.500,62.261
285.000,11.000,65.458
285.000,11.500,68.679
285.000,12.000,71.924
285.000,12.500,75.194
285.000,13.000,78.491
285.000,13.500,81.813
285.000,14.000,85.162
285.000,14.500,88.539
285.000,15.000,91.943
285.000,15.500,95.376
285.000,16.000,98.838
285.000,16.500,102.330
285.000,17.000,105.850
285.000,17.500,109.410
285.000,18.000,112.990
285.000,18.500,116.610
285.000,19.000,120.260
285.000,19.500,123.950
285.000,20.000,127.670
285.000,20.500,131.420
285.000,21.000,135.220
285.000,21.500,139.050
285.000,22.000,142.920
285.000,22.500,146.830
285.000,23.000,150.780
285.000,23.500,154.770
285.000,24.000,158.810
285.000,24.500,162.890
285.000,25.000,167.020
285.000,25.500,171.190
285.000,26.000,175.410
285.000,26.500,179.680
285.000,27.000,184.000
285.000,27.500,188.380
285.000,28.000,192.810
285.000,28.500,197.300
285.000,29.000,201.840
285.000,29.500,206.450
285.000,30.000,211.120
286.000,0.000,0.000
286.000,0.500,2.769
286.000,1.000,5.554
286.000,1.500,8.356
286.000,2.000,11.175
286.000,2.500,14.011
286.000,3.000,16.865
286.000,3.500,19.737
286.000,4.000,22.627
286.000,4.500,25.535
286.000,5.000,28.462
286.000,5.500,31.408
286.000,6.000,34.374
286.000,6.500,37.359
286.000,7.000,40.364
286.000,7.500,43.390
286.000,8.000,46.437
286.000,8.500,49.505
286.000,9.000,52.594
286.000,9.500,55.705
286.000,10.000,58.839
286.000,10.500,61.996
286.000,11.000,65.176
286.000,11.500,68.380
286.000,12.000,71.608
286.000,12.500,74.860
286.000,13.000,78.138
286.000,13.500,81.441
286.000,14.000,84.771
286.000,14.500,88.127
286.000,15.000,91.511
286.000,15.500,94.923
286.000,16.000,98.363
286.000,16.500,101.830
286.000,17.000,105.330
286.000,17.500,108.860
286.000,18.000,112.420
286.000,18.500,116.010
286.000,19.000,119.640
286.000,19.500,123.300
286.000,20.000,126.990
286.000,20.500,130.720
286.000,21.000,134.480
286.000,21.500,138.280
286.000,22.000,142.120
286.000,22.500,146.000
286.000,23.000,149.910
286.000,23.500,153.870
286.000,24.000,157.870
286.000,24.500,161.910
286.000,25.000,166.000
286.000,25.500,170.130
286.000,26.000,174.310
286.000,26.500,178.540
286.000,27.000,182.820
286.000,27.500,187.140
286.000,28.000,191.520
286.000,28.500,195.960
286.000,29.000,200.450
286.000,29.500,205.000
286.000,30.000,209.610
287.000,0.000,0.000
287.000,0.500,2.759
287.000,1.000,5.534
287.000,1.500,8.326
287.000,2.000,11.135
287.000,2.500,13.960
287.000,3.000,16.803
287.000,3.500,19.664
287.000,4.000,22.542
287.000,4.500,25.439
287.000,5.000,28.354
287.000,5.500,31.287
287.000,6.000,34.240
287.000,6.500,37.213
287.000,7.000,40.205
287.000,7.500,43.217
287.000,8.000,46.250
287.000,8.500,49.303
287.000,9.000,52.378
287.000,9.500,55.474
287.000,10.000,58.592
287.000,10.500,61.733
287.000,11.000,64.897
287.000,11.500,68.084
287.000,12.000,71.294
287.000,12.500,74.529
287.000,13.000,77.789
287.000,13.500,81.074
287.000,14.000,84.384
287.000,14.500,87.721
287.000,15.000,91.084
287.000,15.500,94.475
287.000,16.000,97.893
287.000,16.500,101.340
287.000,17.000,104.820
287.000,17.500,108.320
287.000,18.000,111.860
287.000,18.500,115.430
287.000,19.000,119.030
287.000,19.500,122.660
287.000,20.000,126.320
287.000,20.500,130.020
287.000,21.000,133.760
287.000,21.500,137.530
287.000,22.000,141.330
287.000,22.500,145.180
287.000,23.000,149.060
287.000,23.500,152.980
287.000,24.000,156.950
287.000,24.500,160.950
287.000,25.000,165.000
287.000,25.500,169.090
287.000,26.000,173.230
287.000,26.500,177.420
287.000,27.000,181.650
287.000,27.500,185.930
287.000,28.000,190.260
287.000,28.500,194.650
287.000,29.000,199.090
287.000,29.500,203.580
287.000,30.000,208.140
288.000,0.000,0.000
288.000,0.500,2.749
288.000,1.000,5.515
288.000,1.500,8.296
288.000,2.000,11.095
288.000,2.500,13.910
288.000,3.000,16.742
288.000,3.500,19.591
288.000,4.000,22.458
288.000,4.500,25.343
288.000,5.000,28.246
288.000,5.500,31.168
288.000,6.000,34.108
288.000,6.500,37.067
288.000,7.000,40.046
288.000,7.500,43.045
288.000,8.000,46.064
288.000,8.500,49.103
288.000,9.000,52.164
288.000,9.500,55.245
288.000,10.000,58.348
288.000,10.500,61.473
288.000,11.000,64.621
288.000,11.500,67.791
288.000,12.000,70.985
288.000,12.500,74.202
288.000,13.000,77.444
288.000,13.500,80.710
288.000,14.000,84.001
288.000,14.500,87.318
288.000,15.000,90.662
288.000,15.500,94.032
288.000,16.000,97.429
288.000,16.500,100.850
288.000,17.000,104.310
288.000,17.500,107.790
288.000,18.000,111.300
288.000,18.500,114.850
288.000,19.000,118.420
288.000,19.500,122.030
288.000,20.000,125.660
288.000,20.500,129.340
288.000,21.000,133.040
288.000,21.500,136.780
288.000,22.000,140.560
288.000,22.500,144.370
288.000,23.000,148.220
288.000,23.500,152.110
288.000,24.000,156.040
288.000,24.500,160.010
288.000,25.000,164.020
288.000,25.500,168.070
288.000,26.000,172.170
288.000,26.500,176.310
288.000,27.000,180.500
288.000,27.500,184.740
288.000,28.000,189.030
288.000,28.500,193.360
288.000,29.000,197.750
288.000,29.500,202.200
288.000,30.000,206.690
289.000,0.000,0.000
289.000,0.500,2.740
289.000,1.000,5.495
289.000,1.500,8.267
289.000,2.000,11.055
289.000,2.500,13.860
289.000,3.000,16.681
289.000,3.500,19.519
289.000,4.000,22.375
289.000,4.500,25.248
289.000,5.000,28.139
289.000,5.500,31.049
289.000,6.000,33.977
289.000,6.500,36.924
289.000,7.000,39.890
289.000,7.500,42.875
289.000,8.000,45.880
289.000,8.500,48.905
289.000,9.000,51.951
289.000,9.500,55.018
289.000,10.000,58.106
289.000,10.500,61.215
289.000,11.000,64.347
289.000,11.500,67.501
289.000,12.000,70.678
289.000,12.500,73.878
289.000,13.000,77.102
289.000,13.500,80.350
289.000,14.000,83.623
289.000,14.500,86.921
289.000,15.000,90.244
289.000,15.500,93.594
289.000,16.000,96.971
289.000,16.500,100.370
289.000,17.000,103.810
289.000,17.500,107.270
289.000,18.000,110.760
289.000,18.500,114.270
289.000,19.000,117.820
289.000,19.500,121.400
289.000,20.000,125.020
289.000,20.500,128.660
289.000,21.000,132.340
289.000,21.500,136.050
289.000,22.000,139.800
289.000,22.500,143.580
289.000,23.000,147.400
289.000,23.500,151.250
289.000,24.000,155.150
289.000,24.500,159.080
289.000,25.000,163.060
289.000,25.500,167.070
289.000,26.000,171.130
289.000,26.500,175.230
289.000,27.000,179.380
289.000,27.500,183.570
289.000,28.000,187.810
289.000,28.500,192.100
289.000,29.000,196.440
289.000,29.500,200.840
289.000,30.000,205.280
290.000,0.000,0.000
290.000,0.500,2.730
290.000,1.000,5.476
290.000,1.500,8.238
290.000,2.000,11.016
290.000,2.500,13.810
290.000,3.000,16.620
290.000,3.500,19.448
290.000,4.000,22.292
290.000,4.500,25.154
290.000,5.000,28.034
290.000,5.500,30.931
290.000,6.000,33.847
290.000,6.500,36.781
290.000,7.000,39.734
290.000,7.500,42.706
290.000,8.000,45.698
290.000,8.500,48.709
290.000,9.000,51.741
290.000,9.500,54.793
290.000,10.000,57.866
290.000,10.500,60.960
290.000,11.000,64.076
290.000,11.500,67.214
290.000,12.000,70.374
290.000,12.500,73.558
290.000,13.000,76.764
290.000,13.500,79.994
290.000,14.000,83.249
290.000,14.500,86.528
290.000,15.000,89.832
290.000,15.500,93.162
290.000,16.000,96.518
290.000,16.500,99.900
290.000,17.000,103.310
290.000,17.500,106.750
290.000,18.000,110.210
290.000,18.500,113.710
290.000,19.000,117.230
290.000,19.500,120.790
290.000,20.000,124.380
290.000,20.500,127.990
290.000,21.000,131.640
290.000,21.500,135.330
290.000,22.000,139.040
290.000,22.500,142.800
290.000,23.000,146.580
290.000,23.500,150.410
290.000,24.000,154.270
290.000,24.500,158.170
290.000,25.000,162.110
290.000,25.500,166.090
290.000,26.000,170.110
290.000,26.500,174.170
290.000,27.000,178.280
290.000,27.500,182.430
290.000,28.000,186.620
290.000,28.500,190.870
290.000,29.000,195.160
290.000,29.500,199.510
290.000,30.000,203.900
291.000,0.000,0.000
291.000,0.500,2.721
291.000,1.000,5.457
291.000,1.500,8.209
291.000,2.000,10.976
291.000,2.500,13.760
291.000,3.000,16.560
291.000,3.500,19.377
291.000,4.000,22.210
291.000,4.500,25.061
291.000,5.000,27.929
291.000,5.500,30.814
291.000,6.000,33.718
291.000,6.500,36.640
291.000,7.000,39.580
291.000,7.500,42.539
291.000,8.000,45.517
291.000,8.500,48.515
291.000,9.000,51.533
291.000,9.500,54.570
291.000,10.000,57.629
291.000,10.500,60.708
291.000,11.000,63.808
291.000,11.500,66.930
291.000,12.000,70.074
291.000,12.500,73.240
291.000,13.000,76.430
291.000,13.500,79.642
291.000,14.000,82.878
291.000,14.500,86.139
291.000,15.000,89.424
291.000,15.500,92.734
291.000,16.000,96.070
291.000,16.500,99.432
291.000,17.000,102.820
291.000,17.500,106.240
291.000,18.000,109.680
291.000,18.500,113.150
291.000,19.000,116.650
291.000,19.500,120.180
291.000,20.000,123.740
291.000,20.500,127.340
291.000,21.000,130.960
291.000,21.500,134.610
291.000,22.000,138.300
291.000,22.500,142.030
291.000,23.000,145.780
291.000,23.500,149.570
291.000,24.000,153.400
291.000,24.500,157.270
291.000,25.000,161.170
291.000,25.500,165.120
291.000,26.000,169.100
291.000,26.500,173.130
291.000,27.000,177.190
291.000,27.500,181.300
291.000,28.000,185.460
291.000,28.500,189.660
291.000,29.000,193.900
291.000,29.500,198.200
291.000,30.000,202.550
292.000,0.000,0.000
292.000,0.500,2.711
292.000,1.000,5.438
292.000,1.500,8.180
292.000,2.000,10.938
292.000,2.500,13.711
292.000,3.000,16.501
292.000,3.500,19.306
292.000,4.000,22.129
292.000,4.500,24.968
292.000,5.000,27.825
292.000,5.500,30.699
292.000,6.000,33.590
292.000,6.500,36.499
292.000,7.000,39.427
292.000,7.500,42.373
292.000,8.000,45.338
292.000,8.500,48.322
292.000,9.000,51.326
292.000,9.500,54.350
292.000,10.000,57.393
292.000,10.500,60.457
292.000,11.000,63.542
292.000,11.500,66.649
292.000,12.000,69.776
292.000,12.500,72.926
292.000,13.000,76.099
292.000,13.500,79.294
292.000,14.000,82.512
292.000,14.500,85.754
292.000,15.000,89.020
292.000,15.500,92.311
292.000,16.000,95.627
292.000,16.500,98.969
292.000,17.000,102.340
292.000,17.500,105.730
292.000,18.000,109.150
292.000,18.500,112.600
292.000,19.000,116.080
292.000,19.500,119.580
292.000,20.000,123.120
292.000,20.500,126.690
292.000,21.000,130.280
292.000,21.500,133.910
292.000,22.000,137.570
292.000,22.500,141.270
292.000,23.000,144.990
292.000,23.500,148.750
292.000,24.000,152.550
292.000,24.500,156.390
292.000,25.000,160.260
292.000,25.500,164.160
292.000,26.000,168.110
292.000,26.500,172.100
292.000,27.000,176.130
292.000,27.500,180.200
292.000,28.000,184.310
292.000,28.500,188.470
292.000,29.000,192.670
292.000,29.500,196.920
292.000,30.000,201.220
293.000,0.000,0.000
293.000,0.500,2.702
293.000,1.000,5.419
293.000,1.500,8.151
293.000,2.000,10.899
293.000,2.500,13.662
293.000,3.000,16.441
293.000,3.500,19.237
293.000,4.000,22.048
293.000,4.500,24.876
293.000,5.000,27.721
293.000,5.500,30.584
293.000,6.000,33.463
293.000,6.500,36.360
293.000,7.000,39.275
293.000,7.500,42.209
293.000,8.000,45.161
293.000,8.500,48.132
293.000,9.000,51.121
293.000,9.500,54.131
293.000,10.000,57.160
293.000,10.500,60.209
293.000,11.000,63.279
293.000,11.500,66.370
293.000,12.000,69.482
293.000,12.500,72.616
293.000,13.000,75.771
293.000,13.500,78.949
293.000,14.000,82.150
293.000,14.500,85.374
293.000,15.000,88.621
293.000,15.500,91.893
293.000,16.000,95.189
293.000,16.500,98.511
293.000,17.000,101.860
293.000,17.500,105.230
293.000,18.000,108.630
293.000,18.500,112.060
293.000,19.000,115.510
293.000,19.500,118.990
293.000,20.000,122.510
293.000,20.500,126.050
293.000,21.000,129.620
293.000,21.500,133.220
293.000,22.000,136.850
293.000,22.500,140.520
293.000,23.000,144.220
293.000,23.500,147.950
293.000,24.000,151.710
293.000,24.500,155.510
293.000,25.000,159.350
293.000,25.500,163.230
293.000,26.000,167.140
293.000,26.500,171.090
293.000,27.000,175.080
293.000,27.500,179.110
293.000,28.000,183.180
293.000,28.500,187.300
293.000,29.000,191.460
293.000,29.500,195.660
293.000,30.000,199.920
294.000,0.000,0.000
294.000,0.500,2.693
294.000,1.000,5.400
294.000,1.500,8.123
294.000,2.000,10.861
294.000,2.500,13.614
294.000,3.000,16.383
294.000,3.500,19.167
294.000,4.000,21.968
294.000,4.500,24.785
294.000,5.000,27.619
294.000,5.500,30.470
294.000,6.000,33.337
294.000,6.500,36.222
294.000,7.000,39.125
294.000,7.500,42.046
294.000,8.000,44.985
294.000,8.500,47.942
294.000,9.000,50.919
294.000,9.500,53.914
294.000,10.000,56.929
294.000,10.500,59.964
294.000,11.000,63.019
294.000,11.500,66.094
294.000,12.000,69.190
294.000,12.500,72.308
294.000,13.000,75.447
294.000,13.500,78.608
294.000,14.000,81.791
294.000,14.500,84.997
294.000,15.000,88.227
294.000,15.500,91.480
294.000,16.000,94.757
294.000,16.500,98.058
294.000,17.000,101.380
294.000,17.500,104.740
294.000,18.000,108.110
294.000,18.500,111.520
294.000,19.000,114.950
294.000,19.500,118.410
294.000,20.000,121.900
294.000,20.500,125.410
294.000,21.000,128.960
294.000,21.500,132.540
294.000,22.000,136.140
294.000,22.500,139.780
294.000,23.000,143.450
294.000,23.500,147.150
294.000,24.000,150.890
294.000,24.500,154.660
294.000,25.000,158.460
294.000,25.500,162.300
294.000,26.000,166.180
294.000,26.500,170.100
294.000,27.000,174.050
294.000,27.500,178.040
294.000,28.000,182.080
294.000,28.500,186.150
294.000,29.000,190.270
294.000,29.500,194.430
294.000,30.000,198.640
295.000,0.000,0.000
295.000,0.500,2.684
295.000,1.000,5.382
295.000,1.500,8.095
295.000,2.000,10.823
295.000,2.500,13.566
295.000,3.000,16.324
295.000,3.500,19.099
295.000,4.000,21.889
295.000,4.500,24.695
295.000,5.000,27.517
295.000,5.500,30.357
295.000,6.000,33.213
295.000,6.500,36.086
295.000,7.000,38.976
295.000,7.500,41.884
295.000,8.000,44.811
295.000,8.500,47.755
295.000,9.000,50.718
295.000,9.500,53.699
295.000,10.000,56.700
295.000,10.500,59.721
295.000,11.000,62.761
295.000,11.500,65.821
295.000,12.000,68.902
295.000,12.500,72.003
295.000,13.000,75.126
295.000,13.500,78.270
295.000,14.000,81.436
295.000,14.500,84.625
295.000,15.000,87.836
295.000,15.500,91.071
295.000,16.000,94.329
295.000,16.500,97.611
295.000,17.000,100.920
295.000,17.500,104.250
295.000,18.000,107.610
295.000,18.500,110.990
295.000,19.000,114.400
295.000,19.500,117.830
295.000,20.000,121.300
295.000,20.500,124.790
295.000,21.000,128.310
295.000,21.500,131.860
295.000,22.000,135.440
295.000,22.500,139.050
295.000,23.000,142.690
295.000,23.500,146.370
295.000,24.000,150.070
295.000,24.500,153.810
295.000,25.000,157.590
295.000,25.500,161.390
295.000,26.000,165.240
295.000,26.500,169.120
295.000,27.000,173.040
295.000,27.500,176.990
295.000,28.000,180.990
295.000,28.500,185.030
295.000,29.000,189.100
295.000,29.500,193.220
295.000,30.000,197.390
296.000,0.000,0.000
296.000,0.500,2.675
296.000,1.000,5.363
296.000,1.500,8.067
296.000,2.000,10.785
296.000,2.500,13.518
296.000,3.000,16.267
296.000,3.500,19.030
296.000,4.000,21.810
296.000,4.500,24.605
296.000,5.000,27.417
296.000,5.500,30.244
296.000,6.000,33.089
296.000,6.500,35.950
296.000,7.000,38.828
296.000,7.500,41.724
296.000,8.000,44.638
296.000,8.500,47.569
296.000,9.000,50.519
296.000,9.500,53.487
296.000,10.000,56.474
296.000,10.500,59.480
296.000,11.000,62.505
296.000,11.500,65.550
296.000,12.000,68.616
296.000,12.500,71.702
296.000,13.000,74.808
296.000,13.500,77.936
296.000,14.000,81.085
296.000,14.500,84.256
296.000,15.000,87.450
296.000,15.500,90.666
296.000,16.000,93.905
296.000,16.500,97.168
296.000,17.000,100.460
296.000,17.500,103.770
296.000,18.000,107.100
296.000,18.500,110.460
296.000,19.000,113.850
296.000,19.500,117.270
296.000,20.000,120.710
296.000,20.500,124.170
296.000,21.000,127.670
296.000,21.500,131.200
296.000,22.000,134.750
296.000,22.500,138.330
296.000,23.000,141.950
296.000,23.500,145.590
296.000,24.000,149.270
296.000,24.500,152.980
296.000,25.000,156.720
296.000,25.500,160.500
296.000,26.000,164.310
296.000,26.500,168.160
296.000,27.000,172.040
296.000,27.500,175.960
296.000,28.000,179.920
296.000,28.500,183.920
296.000,29.000,187.960
296.000,29.500,192.030
296.000,30.000,196.160
297.000,0.000,0.000
297.000,0.500,2.665
297.000,1.000,5.345
297.000,1.500,8.039
297.000,2.000,10.748
297.000,2.500,13.471
297.000,3.000,16.209
297.000,3.500,18.963
297.000,4.000,21.732
297.000,4.500,24.516
297.000,5.000,27.317
297.000,5.500,30.133
297.000,6.000,32.966
297.000,6.500,35.816
297.000,7.000,38.682
297.000,7.500,41.565
297.000,8.000,44.466
297.000,8.500,47.385
297.000,9.000,50.321
297.000,9.500,53.276
297.000,10.000,56.249
297.000,10.500,59.241
297.000,11.000,62.252
297.000,11.500,65.282
297.000,12.000,68.333
297.000,12.500,71.403
297.000,13.000,74.494
297.000,13.500,77.605
297.000,14.000,80.738
297.000,14.500,83.892
297.000,15.000,87.068
297.000,15.500,90.266
297.000,16.000,93.487
297.000,16.500,96.731
297.000,17.000,99.998
297.000,17.500,103.290
297.000,18.000,106.610
297.000,18.500,109.950
297.000,19.000,113.310
297.000,19.500,116.700
297.000,20.000,120.120
297.000,20.500,123.570
297.000,21.000,127.040
297.000,21.500,130.540
297.000,22.000,134.070
297.000,22.500,137.630
297.000,23.000,141.210
297.000,23.500,144.830
297.000,24.000,148.480
297.000,24.500,152.160
297.000,25.000,155.870
297.000,25.500,159.620
297.000,26.000,163.400
297.000,26.500,167.210
297.000,27.000,171.060
297.000,27.500,174.950
297.000,28.000,178.870
297.000,28.500,182.830
297.000,29.000,186.830
297.000,29.500,190.870
297.000,30.000,194.950
298.000,0.000,0.000
298.000,0.500,2.656
298.000,1.000,5.327
298.000,1.500,8.011
298.000,2.000,10.710
298.000,2.500,13.424
298.000,3.000,16.152
298.000,3.500,18.895
298.000,4.000,21.654
298.000,4.500,24.428
298.000,5.000,27.217
298.000,5.500,30.023
298.000,6.000,32.844
298.000,6.500,35.682
298.000,7.000,38.537
298.000,7.500,41.408
298.000,8.000,44.296
298.000,8.500,47.202
298.000,9.000,50.125
298.000,9.500,53.067
298.000,10.000,56.026
298.000,10.500,59.004
298.000,11.000,62.001
298.000,11.500,65.017
298.000,12.000,68.052
298.000,12.500,71.107
298.000,13.000,74.182
298.000,13.500,77.278
298.000,14.000,80.394
298.000,14.500,83.531
298.000,15.000,86.690
298.000,15.500,89.870
298.000,16.000,93.073
298.000,16.500,96.298
298.000,17.000,99.547
298.000,17.500,102.820
298.000,18.000,106.110
298.000,18.500,109.430
298.000,19.000,112.780
298.000,19.500,116.150
298.000,20.000,119.540
298.000,20.500,122.970
298.000,21.000,126.420
298.000,21.500,129.890
298.000,22.000,133.400
298.000,22.500,136.930
298.000,23.000,140.490
298.000,23.500,144.080
298.000,24.000,147.700
298.000,24.500,151.350
298.000,25.000,155.040
298.000,25.500,158.750
298.000,26.000,162.500
298.000,26.500,166.280
298.000,27.000,170.100
298.000,27.500,173.950
298.000,28.000,177.840
298.000,28.500,181.760
298.000,29.000,185.720
298.000,29.500,189.720
298.000,30.000,193.760
299.000,0.000,0.000
299.000,0.500,2.647
299.000,1.000,5.309
299.000,1.500,7.984
299.000,2.000,10.673
299.000,2.500,13.377
299.000,3.000,16.096
299.000,3.500,18.829
299.000,4.000,21.577
299.000,4.500,24.340
299.000,5.000,27.119
299.000,5.500,29.913
299.000,6.000,32.723
299.000,6.500,35.550
299.000,7.000,38.392
299.000,7.500,41.252
299.000,8.000,44.128
299.000,8.500,47.021
299.000,9.000,49.931
299.000,9.500,52.860
299.000,10.000,55.806
299.000,10.500,58.770
299.000,11.000,61.752
299.000,11.500,64.754
299.000,12.000,67.774
299.000,12.500,70.814
299.000,13.000,73.874
299.000,13.500,76.953
299.000,14.000,80.053
299.000,14.500,83.174
299.000,15.000,86.315
299.000,15.500,89.479
299.000,16.000,92.663
299.000,16.500,95.870
299.000,17.000,99.100
299.000,17.500,102.350
299.000,18.000,105.630
299.000,18.500,108.930
299.000,19.000,112.250
299.000,19.500,115.600
299.000,20.000,118.970
299.000,20.500,122.370
299.000,21.000,125.800
299.000,21.500,129.250
299.000,22.000,132.730
299.000,22.500,136.240
299.000,23.000,139.770
299.000,23.500,143.340
299.000,24.000,146.930
299.000,24.500,150.560
299.000,25.000,154.210
299.000,25.500,157.900
299.000,26.000,161.610
299.000,26.500,165.360
299.000,27.000,169.150
299.000,27.500,172.970
299.000,28.000,176.820
299.000,28.500,180.710
299.000,29.000,184.630
299.000,29.500,188.590
299.000,30.000,192.600
300.000,0.000,0.000
300.000,0.500,2.639
300.000,1.000,5.291
300.000,1.500,7.957
300.000,2.000,10.637
300.000,2.500,13.331
300.000,3.000,16.039
300.000,3.500,18.762
300.000,4.000,21.500
300.000,4.500,24.253
300.000,5.000,27.021
300.000,5.500,29.804
300.000,6.000,32.604
300.000,6.500,35.418
300.000,7.000,38.249
300.000,7.500,41.097
300.000,8.000,43.961
300.000,8.500,46.841
300.000,9.000,49.739
300.000,9.500,52.654
300.000,10.000,55.587
300.000,10.500,58.537
300.000,11.000,61.506
300.000,11.500,64.493
300.000,12.000,67.499
300.000,12.500,70.524
300.000,13.000,73.568
300.000,13.500,76.632
300.000,14.000,79.716
300.000,14.500,82.820
300.000,15.000,85.945
300.000,15.500,89.091
300.000,16.000,92.258
300.000,16.500,95.447
300.000,17.000,98.658
300.000,17.500,101.890
300.000,18.000,105.150
300.000,18.500,108.430
300.000,19.000,111.730
300.000,19.500,115.060
300.000,20.000,118.410
300.000,20.500,121.790
300.000,21.000,125.190
300.000,21.500,128.620
300.000,22.000,132.080
300.000,22.500,135.560
300.000,23.000,139.070
300.000,23.500,142.610
300.000,24.000,146.170
300.000,24.500,149.770
300.000,25.000,153.400
300.000,25.500,157.050
300.000,26.000,160.740
300.000,26.500,164.460
300.000,27.000,168.210
300.000,27.500,172.000
300.000,28.000,175.820
300.000,28.500,179.670
300.000,29.000,183.560
300.000,29.500,187.490
300.000,30.000,191.450
301.000,0.000,0.000
301.000,0.500,2.630
301.000,1.000,5.273
301.000,1.500,7.930
301.000,2.000,10.600
301.000,2.500,13.285
301.000,3.000,15.984
301.000,3.500,18.697
301.000,4.000,21.424
301.000,4.500,24.167
301.000,5.000,26.924
301.000,5.500,29.697
301.000,6.000,32.485
301.000,6.500,35.288
301.000,7.000,38.108
301.000,7.500,40.943
301.000,8.000,43.795
301.000,8.500,46.663
301.000,9.000,49.548
301.000,9.500,52.451
301.000,10.000,55.370
301.000,10.500,58.307
301.000,11.000,61.262
301.000,11.500,64.235
301.000,12.000,67.227
301.000,12.500,70.237
301.000,13.000,73.266
301.000,13.500,76.314
301.000,14.000,79.382
301.000,14.500,82.470
301.000,15.000,85.579
301.000,15.500,88.708
301.000,16.000,91.857
301.000,16.500,95.028
301.000,17.000,98.221
301.000,17.500,101.440
301.000,18.000,104.670
301.000,18.500,107.930
301.000,19.000,111.220
301.000,19.500,114.520
301.000,20.000,117.860
301.000,20.500,121.210
301.000,21.000,124.590
301.000,21.500,128.000
301.000,22.000,131.430
301.000,22.500,134.890
301.000,23.000,138.370
301.000,23.500,141.890
301.000,24.000,145.430
301.000,24.500,149.000
301.000,25.000,152.590
301.000,25.500,156.220
301.000,26.000,159.880
301.000,26.500,163.570
301.000,27.000,167.290
301.000,27.500,171.050
301.000,28.000,174.830
301.000,28.500,178.650
301.000,29.000,182.510
301.000,29.500,186.400
301.000,30.000,190.320
302.000,0.000,0.000
302.000,0.500,2.621
302.000,1.000,5.255
302.000,1.500,7.903
302.000,2.000,10.564
302.000,2.500,13.239
302.000,3.000,15.928
302.000,3.500,18.631
302.000,4.000,21.349
302.000,4.500,24.081
302.000,5.000,26.828
302.000,5.500,29.590
302.000,6.000,32.367
302.000,6.500,35.159
302.000,7.000,37.967
302.000,7.500,40.791
302.000,8.000,43.631
302.000,8.500,46.487
302.000,9.000,49.359
302.000,9.500,52.249
302.000,10.000,55.155
302.000,10.500,58.079
302.000,11.000,61.020
302.000,11.500,63.979
302.000,12.000,66.957
302.000,12.500,69.952
302.000,13.000,72.966
302.000,13.500,76.000
302.000,14.000,79.052
302.000,14.500,82.124
302.000,15.000,85.216
302.000,15.500,88.328
302.000,16.000,91.461
302.000,16.500,94.614
302.000,17.000,97.789
302.000,17.500,100.990
302.000,18.000,104.200
302.000,18.500,107.440
302.000,19.000,110.710
302.000,19.500,113.990
302.000,20.000,117.310
302.000,20.500,120.640
302.000,21.000,124.000
302.000,21.500,127.380
302.000,22.000,130.790
302.000,22.500,134.230
302.000,23.000,137.690
302.000,23.500,141.170
302.000,24.000,144.690
302.000,24.500,148.230
302.000,25.000,151.800
302.000,25.500,155.400
302.000,26.000,159.030
302.000,26.500,162.690
302.000,27.000,166.390
302.000,27.500,170.110
302.000,28.000,173.860
302.000,28.500,177.650
302.000,29.000,181.470
302.000,29.500,185.330
302.000,30.000,189.220
303.000,0.000,0.000
303.000,0.500,2.612
303.000,1.000,5.238
303.000,1.500,7.876
303.000,2.000,10.528
303.000,2.500,13.194
303.000,3.000,15.873
303.000,3.500,18.567
303.000,4.000,21.274
303.000,4.500,23.996
303.000,5.000,26.732
303.000,5.500,29.483
303.000,6.000,32.250
303.000,6.500,35.031
303.000,7.000,37.827
303.000,7.500,40.640
303.000,8.000,43.468
303.000,8.500,46.312
303.000,9.000,49.172
303.000,9.500,52.049
303.000,10.000,54.942
303.000,10.500,57.853
303.000,11.000,60.781
303.000,11.500,63.726
303.000,12.000,66.689
303.000,12.500,69.670
303.000,13.000,72.670
303.000,13.500,75.688
303.000,14.000,78.725
303.000,14.500,81.781
303.000,15.000,84.857
303.000,15.500,87.952
303.000,16.000,91.068
303.000,16.500,94.204
303.000,17.000,97.362
303.000,17.500,100.540
303.000,18.000,103.740
303.000,18.500,106.960
303.000,19.000,110.210
303.000,19.500,113.470
303.000,20.000,116.760
303.000,20.500,120.080
303.000,21.000,123.410
303.000,21.500,126.770
303.000,22.000,130.160
303.000,22.500,133.570
303.000,23.000,137.010
303.000,23.500,140.470
303.000,24.000,143.960
303.000,24.500,147.480
303.000,25.000,151.020
303.000,25.500,154.600
303.000,26.000,158.200
303.000,26.500,161.830
303.000,27.000,165.490
303.000,27.500,169.180
303.000,28.000,172.910
303.000,28.500,176.660
303.000,29.000,180.450
303.000,29.500,184.270
303.000,30.000,188.130
304.000,0.000,0.000
304.000,0.500,2.604
304.000,1.000,5.220
304.000,1.500,7.850
304.000,2.000,10.493
304.000,2.500,13.149
304.000,3.000,15.819
304.000,3.500,18.502
304.000,4.000,21.200
304.000,4.500,23.911
304.000,5.000,26.638
304.000,5.500,29.378
304.000,6.000,32.133
304.000,6.500,34.904
304.000,7.000,37.689
304.000,7.500,40.490
304.000,8.000,43.306
304.000,8.500,46.138
304.000,9.000,48.986
304.000,9.500,51.850
304.000,10.000,54.731
304.000,10.500,57.629
304.000,11.000,60.543
304.000,11.500,63.475
304.000,12.000,66.424
304.000,12.500,69.391
304.000,13.000,72.376
304.000,13.500,75.379
304.000,14.000,78.401
304.000,14.500,81.442
304.000,15.000,84.501
304.000,15.500,87.581
304.000,16.000,90.680
304.000,16.500,93.799
304.000,17.000,96.939
304.000,17.500,100.100
304.000,18.000,103.280
304.000,18.500,106.480
304.000,19.000,109.710
304.000,19.500,112.960
304.000,20.000,116.220
304.000,20.500,119.520
304.000,21.000,122.830
304.000,21.500,126.170
304.000,22.000,129.540
304.000,22.500,132.930
304.000,23.000,136.340
304.000,23.500,139.780
304.000,24.000,143.240
304.000,24.500,146.740
304.000,25.000,150.260
304.000,25.500,153.800
304.000,26.000,157.380
304.000,26.500,160.980
304.000,27.000,164.610
304.000,27.500,168.280
304.000,28.000,171.970
304.000,28.500,175.690
304.000,29.000,179.450
304.000,29.500,183.240
304.000,30.000,187.060
305.000,0.000,0.000
305.000,0.500,2.595
305.000,1.000,5.203
305.000,1.500,7.823
305.000,2.000,10.457
305.000,2.500,13.104
305.000,3.000,15.764
305.000,3.500,18.438
305.000,4.000,21.126
305.000,4.500,23.828
305.000,5.000,26.543
305.000,5.500,29.274
305.000,6.000,32.018
305.000,6.500,34.777
305.000,7.000,37.552
305.000,7.500,40.341
305.000,8.000,43.146
305.000,8.500,45.966
305.000,9.000,48.802
305.000,9.500,51.654
305.000,10.000,54.522
305.000,10.500,57.406
305.000,11.000,60.308
305.000,11.500,63.226
305.000,12.000,66.161
305.000,12.500,69.114
305.000,13.000,72.085
305.000,13.500,75.073
305.000,14.000,78.080
305.000,14.500,81.105
305.000,15.000,84.149
305.000,15.500,87.213
305.000,16.000,90.295
305.000,16.500,93.398
305.000,17.000,96.520
305.000,17.500,99.663
305.000,18.000,102.830
305.000,18.500,106.010
305.000,19.000,109.220
305.000,19.500,112.440
305.000,20.000,115.690
305.000,20.500,118.970
305.000,21.000,122.260
305.000,21.500,125.580
305.000,22.000,128.920
305.000,22.500,132.290
305.000,23.000,135.680
305.000,23.500,139.090
305.000,24.000,142.540
305.000,24.500,146.000
305.000,25.000,149.500
305.000,25.500,153.020
305.000,26.000,156.570
305.000,26.500,160.140
305.000,27.000,163.750
305.000,27.500,167.380
305.000,28.000,171.040
305.000,28.500,174.730
305.000,29.000,178.460
305.000,29.500,182.210
305.000,30.000,186.000
306.000,0.000,0.000
306.000,0.500,2.587
306.000,1.000,5.186
306.000,1.500,7.797
306.000,2.000,10.422
306.000,2.500,13.060
306.000,3.000,15.711
306.000,3.500,18.375
306.000,4.000,21.053
306.000,4.500,23.744
306.000,5.000,26.450
306.000,5.500,29.170
306.000,6.000,31.904
306.000,6.500,34.652
306.000,7.000,37.415
306.000,7.500,40.193
306.000,8.000,42.987
306.000,8.500,45.795
306.000,9.000,48.619
306.000,9.500,51.459
306.000,10.000,54.314
306.000,10.500,57.186
306.000,11.000,60.074
306.000,11.500,62.979
306.000,12.000,65.901
306.000,12.500,68.840
306.000,13.000,71.796
306.000,13.500,74.770
306.000,14.000,77.762
306.000,14.500,80.772
306.000,15.000,83.801
306.000,15.500,86.848
306.000,16.000,89.915
306.000,16.500,93.001
306.000,17.000,96.106
306.000,17.500,99.231
306.000,18.000,102.380
306.000,18.500,105.540
306.000,19.000,108.730
306.000,19.500,111.940
306.000,20.000,115.170
306.000,20.500,118.420
306.000,21.000,121.700
306.000,21.500,124.990
306.000,22.000,128.310
306.000,22.500,131.660
306.000,23.000,135.030
306.000,23.500,138.420
306.000,24.000,141.840
306.000,24.500,145.280
306.000,25.000,148.750
306.000,25.500,152.240
306.000,26.000,155.760
306.000,26.500,159.310
306.000,27.000,162.890
306.000,27.500,166.500
306.000,28.000,170.130
306.000,28.500,173.790
306.000,29.000,177.490
306.000,29.500,181.210
306.000,30.000,184.960
307.000,0.000,0.000
307.000,0.500,2.578
307.000,1.000,5.168
307.000,1.500,7.771
307.000,2.000,10.387
307.000,2.500,13.016
307.000,3.000,15.657
307.000,3.500,18.312
307.000,4.000,20.980
307.000,4.500,23.662
307.000,5.000,26.357
307.000,5.500,29.067
307.000,6.000,31.790
307.000,6.500,34.528
307.000,7.000,37.280
307.000,7.500,40.047
307.000,8.000,42.829
307.000,8.500,45.626
307.000,9.000,48.438
307.000,9.500,51.265
307.000,10.000,54.109
307.000,10.500,56.968
307.000,11.000,59.843
307.000,11.500,62.735
307.000,12.000,65.643
307.000,12.500,68.568
307.000,13.000,71.511
307.000,13.500,74.470
307.000,14.000,77.448
307.000,14.500,80.443
307.000,15.000,83.456
307.000,15.500,86.488
307.000,16.000,89.538
307.000,16.500,92.608
307.000,17.000,95.696
307.000,17.500,98.804
307.000,18.000,101.930
307.000,18.500,105.080
307.000,19.000,108.250
307.000,19.500,111.440
307.000,20.000,114.650
307.000,20.500,117.880
307.000,21.000,121.140
307.000,21.500,124.410
307.000,22.000,127.710
307.000,22.500,131.040
307.000,23.000,134.380
307.000,23.500,137.750
307.000,24.000,141.150
307.000,24.500,144.570
307.000,25.000,148.010
307.000,25.500,151.480
307.000,26.000,154.980
307.000,26.500,158.500
307.000,27.000,162.050
307.000,27.500,165.620
307.000,28.000,169.230
307.000,28.500,172.860
307.000,29.000,176.530
307.000,29.500,180.220
307.000,30.000,183.940
308.000,0.000,0.000
308.000,0.500,2.570
308.000,1.000,5.151
308.000,1.500,7.745
308.000,2.000,10.352
308.000,2.500,12.972
308.000,3.000,15.604
308.000,3.500,18.249
308.000,4.000,20.908
308.000,4.500,23.580
308.000,5.000,26.265
308.000,5.500,28.965
308.000,6.000,31.678
308.000,6.500,34.405
308.000,7.000,37.146
308.000,7.500,39.902
308.000,8.000,42.672
308.000,8.500,45.458
308.000,9.000,48.258
308.000,9.500,51.074
308.000,10.000,53.905
308.000,10.500,56.751
308.000,11.000,59.614
308.000,11.500,62.493
308.000,12.000,65.388
308.000,12.500,68.299
308.000,13.000,71.228
308.000,13.500,74.173
308.000,14.000,77.136
308.000,14.500,80.116
308.000,15.000,83.114
308.000,15.500,86.131
308.000,16.000,89.165
308.000,16.500,92.218
308.000,17.000,95.291
308.000,17.500,98.382
308.000,18.000,101.490
308.000,18.500,104.620
308.000,19.000,107.770
308.000,19.500,110.950
308.000,20.000,114.140
308.000,20.500,117.350
308.000,21.000,120.590
308.000,21.500,123.840
308.000,22.000,127.120
308.000,22.500,130.420
308.000,23.000,133.750
308.000,23.500,137.090
308.000,24.000,140.470
308.000,24.500,143.860
308.000,25.000,147.280
308.000,25.500,150.730
308.000,26.000,154.200
308.000,26.500,157.690
308.000,27.000,161.220
308.000,27.500,164.770
308.000,28.000,168.340
308.000,28.500,171.950
308.000,29.000,175.580
308.000,29.500,179.240
308.000,30.000,182.940
309.000,0.000,0.000
309.000,0.500,2.561
309.000,1.000,5.134
309.000,1.500,7.720
309.000,2.000,10.318
309.000,2.500,12.928
309.000,3.000,15.551
309.000,3.500,18.187
309.000,4.000,20.836
309.000,4.500,23.499
309.000,5.000,26.174
309.000,5.500,28.863
309.000,6.000,31.566
309.000,6.500,34.282
309.000,7.000,37.013
309.000,7.500,39.758
309.000,8.000,42.517
309.000,8.500,45.291
309.000,9.000,48.080
309.000,9.500,50.884
309.000,10.000,53.702
309.000,10.500,56.537
309.000,11.000,59.387
309.000,11.500,62.253
309.000,12.000,65.134
309.000,12.500,68.033
309.000,13.000,70.947
309.000,13.500,73.879
309.000,14.000,76.827
309.000,14.500,79.793
309.000,15.000,82.776
309.000,15.500,85.777
309.000,16.000,88.796
309.000,16.500,91.833
309.000,17.000,94.889
309.000,17.500,97.964
309.000,18.000,101.060
309.000,18.500,104.170
309.000,19.000,107.300
309.000,19.500,110.460
309.000,20.000,113.630
309.000,20.500,116.820
309.000,21.000,120.040
309.000,21.500,123.280
309.000,22.000,126.530
309.000,22.500,129.820
309.000,23.000,133.120
309.000,23.500,136.440
309.000,24.000,139.790
309.000,24.500,143.170
309.000,25.000,146.560
309.000,25.500,149.980
309.000,26.000,153.430
309.000,26.500,156.900
309.000,27.000,160.400
309.000,27.500,163.920
309.000,28.000,167.470
309.000,28.500,171.050
309.000,29.000,174.650
309.000,29.500,178.280
309.000,30.000,181.950
310.000,0.000,0.000
310.000,0.500,2.553
310.000,1.000,5.118
310.000,1.500,7.694
310.000,2.000,10.284
310.000,2.500,12.885
310.000,3.000,15.499
310.000,3.500,18.126
310.000,4.000,20.765
310.000,4.500,23.418
310.000,5.000,26.083
310.000,5.500,28.762
310.000,6.000,31.455
310.000,6.500,34.161
310.000,7.000,36.881
310.000,7.500,39.615
310.000,8.000,42.363
310.000,8.500,45.126
310.000,9.000,47.903
310.000,9.500,50.695
310.000,10.000,53.502
310.000,10.500,56.324
310.000,11.000,59.161
310.000,11.500,62.014
310.000,12.000,64.883
310.000,12.500,67.768
310.000,13.000,70.669
310.000,13.500,73.587
310.000,14.000,76.521
310.000,14.500,79.473
310.000,15.000,82.441
310.000,15.500,85.427
310.000,16.000,88.431
310.000,16.500,91.452
310.000,17.000,94.492
310.000,17.500,97.550
310.000,18.000,100.630
310.000,18.500,103.720
310.000,19.000,106.840
310.000,19.500,109.970
310.000,20.000,113.130
310.000,20.500,116.300
310.000,21.000,119.500
310.000,21.500,122.720
310.000,22.000,125.960
310.000,22.500,129.220
310.000,23.000,132.500
310.000,23.500,135.800
310.000,24.000,139.130
310.000,24.500,142.480
310.000,25.000,145.850
310.000,25.500,149.250
310.000,26.000,152.670
310.000,26.500,156.120
310.000,27.000,159.590
310.000,27.500,163.080
310.000,28.000,166.610
310.000,28.500,170.160
310.000,29.000,173.730
310.000,29.500,177.340
310.000,30.000,180.970
311.000,0.000,0.000
311.000,0.500,2.545
311.000,1.000,5.101
311.000,1.500,7.669
311.000,2.000,10.250
311.000,2.500,12.842
311.000,3.000,15.447
311.000,3.500,18.065
311.000,4.000,20.695
311.000,4.500,23.338
311.000,5.000,25.993
311.000,5.500,28.662
311.000,6.000,31.345
311.000,6.500,34.041
311.000,7.000,36.750
311.000,7.500,39.473
311.000,8.000,42.211
311.000,8.500,44.962
311.000,9.000,47.728
311.000,9.500,50.508
311.000,10.000,53.303
311.000,10.500,56.113
311.000,11.000,58.938
311.000,11.500,61.779
311.000,12.000,64.635
311.000,12.500,67.506
311.000,13.000,70.394
311.000,13.500,73.298
311.000,14.000,76.218
311.000,14.500,79.155
311.000,15.000,82.109
311.000,15.500,85.080
311.000,16.000,88.069
311.000,16.500,91.075
311.000,17.000,94.099
311.000,17.500,97.141
311.000,18.000,100.200
311.000,18.500,103.280
311.000,19.000,106.380
311.000,19.500,109.500
311.000,20.000,112.630
311.000,20.500,115.790
311.000,21.000,118.970
311.000,21.500,122.160
311.000,22.000,125.380
311.000,22.500,128.620
311.000,23.000,131.880
311.000,23.500,135.170
311.000,24.000,138.470
311.000,24.500,141.800
311.000,25.000,145.150
311.000,25.500,148.520
311.000,26.000,151.920
311.000,26.500,155.340
311.000,27.000,158.790
311.000,27.500,162.260
311.000,28.000,165.760
311.000,28.500,169.280
311.000,29.000,172.830
311.000,29.500,176.410
311.000,30.000,180.010
312.000,0.000,0.000
312.000,0.500,2.536
312.000,1.000,5.084
312.000,1.500,7.644
312.000,2.000,10.216
312.000,2.500,12.800
312.000,3.000,15.396
312.000,3.500,18.004
312.000,4.000,20.625
312.000,4.500,23.258
312.000,5.000,25.904
312.000,5.500,28.563
312.000,6.000,31.236
312.000,6.500,33.921
312.000,7.000,36.620
312.000,7.500,39.333
312.000,8.000,42.059
312.000,8.500,44.799
312.000,9.000,47.554
312.000,9.500,50.322
312.000,10.000,53.106
312.000,10.500,55.904
312.000,11.000,58.717
312.000,11.500,61.545
312.000,12.000,64.388
312.000,12.500,67.247
312.000,13.000,70.121
312.000,13.500,73.011
312.000,14.000,75.918
312.000,14.500,78.841
312.000,15.000,81.780
312.000,15.500,84.737
312.000,16.000,87.710
312.000,16.500,90.701
312.000,17.000,93.709
312.000,17.500,96.735
312.000,18.000,99.779
312.000,18.500,102.840
312.000,19.000,105.920
312.000,19.500,109.020
312.000,20.000,112.140
312.000,20.500,115.280
312.000,21.000,118.440
312.000,21.500,121.620
312.000,22.000,124.820
312.000,22.500,128.040
312.000,23.000,131.280
312.000,23.500,134.540
312.000,24.000,137.820
312.000,24.500,141.130
312.000,25.000,144.460
312.000,25.500,147.810
312.000,26.000,151.180
312.000,26.500,154.580
312.000,27.000,158.000
312.000,27.500,161.450
312.000,28.000,164.920
312.000,28.500,168.420
312.000,29.000,171.940
312.000,29.500,175.490
312.000,30.000,179.060
313.000,0.000,0.000
313.000,0.500,2.528
313.000,1.000,5.068
313.000,1.500,7.619
313.000,2.000,10.182
313.000,2.500,12.757
313.000,3.000,15.344
313.000,3.500,17.943
313.000,4.000,20.555
313.000,4.500,23.179
313.000,5.000,25.815
313.000,5.500,28.465
313.000,6.000,31.127
313.000,6.500,33.802
313.000,7.000,36.491
313.000,7.500,39.193
313.000,8.000,41.909
313.000,8.500,44.638
313.000,9.000,47.381
313.000,9.500,50.139
313.000,10.000,52.910
313.000,10.500,55.696
313.000,11.000,58.497
313.000,11.500,61.313
313.000,12.000,64.143
313.000,12.500,66.989
313.000,13.000,69.851
313.000,13.500,72.728
313.000,14.000,75.620
313.000,14.500,78.529
313.000,15.000,81.455
313.000,15.500,84.397
313.000,16.000,87.355
313.000,16.500,90.331
313.000,17.000,93.324
313.000,17.500,96.334
313.000,18.000,99.362
313.000,18.500,102.410
313.000,19.000,105.470
313.000,19.500,108.560
313.000,20.000,111.660
313.000,20.500,114.780
313.000,21.000,117.920
313.000,21.500,121.080
313.000,22.000,124.260
313.000,22.500,127.460
313.000,23.000,130.680
313.000,23.500,133.920
313.000,24.000,137.180
313.000,24.500,140.470
313.000,25.000,143.770
313.000,25.500,147.100
313.000,26.000,150.450
313.000,26.500,153.830
313.000,27.000,157.230
313.000,27.500,160.650
313.000,28.000,164.090
313.000,28.500,167.560
313.000,29.000,171.060
313.000,29.500,174.580
313.000,30.000,178.130
314.000,0.000,0.000
314.000,0.500,2.520
314.000,1.000,5.051
314.000,1.500,7.595
314.000,2.000,10.149
314.000,2.500,12.715
314.000,3.000,15.293
314.000,3.500,17.884
314.000,4.000,20.486
314.000,4.500,23.100
314.000,5.000,25.727
314.000,5.500,28.367
314.000,6.000,31.019
314.000,6.500,33.685
314.000,7.000,36.363
314.000,7.500,39.054
314.000,8.000,41.759
314.000,8.500,44.478
314.000,9.000,47.210
314.000,9.500,49.956
314.000,10.000,52.716
314.000,10.500,55.491
314.000,11.000,58.279
314.000,11.500,61.083
314.000,12.000,63.901
314.000,12.500,66.734
314.000,13.000,69.582
314.000,13.500,72.446
314.000,14.000,75.326
314.000,14.500,78.221
314.000,15.000,81.132
314.000,15.500,84.060
314.000,16.000,87.004
314.000,16.500,89.964
314.000,17.000,92.942
314.000,17.500,95.937
314.000,18.000,98.949
314.000,18.500,101.980
314.000,19.000,105.030
314.000,19.500,108.090
314.000,20.000,111.180
314.000,20.500,114.280
314.000,21.000,117.400
314.000,21.500,120.540
314.000,22.000,123.700
314.000,22.500,126.890
314.000,23.000,130.090
314.000,23.500,133.310
314.000,24.000,136.550
314.000,24.500,139.810
314.000,25.000,143.100
314.000,25.500,146.400
314.000,26.000,149.730
314.000,26.500,153.080
314.000,27.000,156.460
314.000,27.500,159.860
314.000,28.000,163.280
314.000,28.500,166.720
314.000,29.000,170.190
314.000,29.500,173.690
314.000,30.000,177.210
